image_width: 640
image_height: 480
camera_name: /porsche911/rosberrypi_cam
camera_matrix:
  rows: 3
  cols: 3
  data: [1268.47437, 0, 1322.61454, 0, 1260.43949, 954.38829, 0, 0, 1]
distortion_model: plumb_bob
distortion_coefficients:
  rows: 1
  cols: 5
  data: [-0.37110, 0.18480, 0.00335, -0.00293, 0]
rectification_matrix:
  rows: 3
  cols: 3
  data: [1, 0, 0, 0, 1, 0, 0, 0, 1]
projection_matrix:
  rows: 3
  cols: 4
  data: [1268.47437, 0, 1322.61454, 0, 0, 1260.43949, 954.38829, 0, 0, 0, 1, 0]
