camera_matrix:
  cols: 3
  data: [300.55229541250714, 0.0, 322.92385301547745, 0.0, 304.706670904809, 221.90801228236367,
    0.0, 0.0, 1.0]
  rows: 3
camera_name: faduck/camera_node
distortion_coefficients:
  cols: 5
  data: [-0.23763061027376914, 0.03711977582603284, -0.002622142313773828, -0.0016892241196795148,
    0.0]
  rows: 1
distortion_model: plumb_bob
image_height: 480
image_width: 640
projection_matrix:
  cols: 4
  data: [206.47958374023438, 0.0, 320.8699172389206, 0.0, 0.0, 241.99917602539062,
    206.4626380202135, 0.0, 0.0, 0.0, 1.0, 0.0]
  rows: 3
rectification_matrix:
  cols: 3
  data: [1.0, 0.0, 0.0, 0.0, 1.0, 0.0, 0.0, 0.0, 1.0]
  rows: 3
