camera_matrix:
  cols: 3
  data: [312.3026993091674, 0.0, 323.01745605604094, 0.0, 309.1144383679013, 262.41495716046865,
    0.0, 0.0, 1.0]
  rows: 3
camera_name: teamgrapes/camera_node
distortion_coefficients:
  cols: 5
  data: [-0.23154997165779523, 0.03269895020522407, -0.0056630927231866406, -0.00019220651981975077,
    0.0]
  rows: 1
distortion_model: plumb_bob
image_height: 480
image_width: 640
projection_matrix:
  cols: 4
  data: [202.32815551757812, 0.0, 320.69698412193975, 0.0, 0.0, 252.57321166992188,
    268.2110814139669, 0.0, 0.0, 0.0, 1.0, 0.0]
  rows: 3
rectification_matrix:
  cols: 3
  data: [1.0, 0.0, 0.0, 0.0, 1.0, 0.0, 0.0, 0.0, 1.0]
  rows: 3
